(-18,0, -20,0, 2,0) WALL
(-17,0, -20,0, 2,0) WALL
(-16,0, -20,0, 2,0) WALL
(-15,0, -20,0, 2,0) WALL
(-14,0, -20,0, 2,0) WALL
(-13,0, -20,0, 2,0) WALL
(-12,0, -20,0, 2,0) WALL
(-11,0, -20,0, 2,0) WALL
(-10,0, -20,0, 2,0) WALL
(-9,0, -20,0, 2,0) WALL
(-8,0, -20,0, 2,0) WALL
(-7,0, -20,0, 2,0) WALL
(-6,0, -20,0, 2,0) WALL
(-5,0, -20,0, 2,0) WALL
(-4,0, -20,0, 2,0) WALL
(-3,0, -20,0, 2,0) WALL
(-2,0, -20,0, 2,0) WALL
(-1,0, -20,0, 2,0) WALL
(0,0, -20,0, 2,0) WALL
(1,0, -20,0, 2,0) WALL
(2,0, -20,0, 2,0) WALL
(3,0, -20,0, 2,0) WALL
(4,0, -20,0, 2,0) WALL
(5,0, -20,0, 2,0) WALL
(6,0, -20,0, 2,0) WALL
(7,0, -20,0, 2,0) WALL
(8,0, -20,0, 2,0) WALL
(-18,0, -19,0, 2,0) WALL
(3,0, -19,0, 2,0) WALL
(8,0, -19,0, 2,0) WALL
(-18,0, -18,0, 2,0) WALL
(3,0, -18,0, 2,0) HALF_WALL
(8,0, -18,0, 2,0) WALL
(-18,0, -17,0, 2,0) WALL
(3,0, -17,0, 2,0) HALF_WALL
(4,0, -17,0, 2,0) test_NPC
(8,0, -17,0, 2,0) WALL
(-18,0, -16,0, 2,0) WALL
(3,0, -16,0, 2,0) HALF_WALL
(8,0, -16,0, 2,0) WALL
(-18,0, -15,0, 2,0) WALL
(3,0, -15,0, 2,0) HALF_WALL
(8,0, -15,0, 2,0) WALL
(-18,0, -14,0, 2,0) WALL
(3,0, -14,0, 2,0) HALF_WALL
(4,0, -14,0, 2,0) test_NPC
(8,0, -14,0, 2,0) WALL
(-18,0, -13,0, 2,0) WALL
(3,0, -13,0, 2,0) HALF_WALL
(8,0, -13,0, 2,0) WALL
(-18,0, -12,0, 2,0) WALL
(-7,0, -12,0, 2,0) ITEM_TEST
(-5,0, -12,0, 2,0) ITEM_SilverCoin
(-2,0, -12,0, 2,0) ITEM_TEST
(3,0, -12,0, 2,0) HALF_WALL
(8,0, -12,0, 2,0) WALL
(-18,0, -11,0, 2,0) WALL
(-9,0, -11,0, 2,0) ITEM_HealthPotion
(3,0, -11,0, 2,0) HALF_WALL
(4,0, -11,0, 2,0) test_NPC
(8,0, -11,0, 2,0) WALL
(-18,0, -10,0, 2,0) WALL
(-3,0, -10,0, 2,0) ITEM_HealthPotion
(3,0, -10,0, 2,0) HALF_WALL
(8,0, -10,0, 2,0) WALL
(-18,0, -9,0, 2,0) WALL
(8,0, -9,0, 2,0) WALL
(-18,0, -8,0, 2,0) WALL
(2,0, -8,0, 2,0) ITEM_SilverCoin
(4,0, -8,0, 2,0) WALL
(5,0, -8,0, 2,0) WALL
(6,0, -8,0, 2,0) WALL
(7,0, -8,0, 2,0) WALL
(8,0, -8,0, 2,0) WALL
(-18,0, -7,0, 2,0) WALL
(-10,0, -7,0, 2,0) ITEM_SilverCoin
(8,0, -7,0, 2,0) WALL
(-18,0, -6,0, 2,0) WALL
(8,0, -6,0, 2,0) WALL
(-18,0, -5,0, 2,0) WALL
(-7,0, -5,0, 2,0) ITEM_HealthPotion
(8,0, -5,0, 2,0) WALL
(-18,0, -4,0, 2,0) WALL
(8,0, -4,0, 2,0) WALL
(9,0, -4,0, 2,0) WALL
(-18,0, -3,0, 2,0) WALL
(8,0, -3,0, 2,0) WALL
(9,0, -3,0, 2,0) WALL
(-18,0, -2,0, 2,0) WALL
(-17,0, -2,0, 2,0) WALL
(-16,0, -2,0, 2,0) WALL
(-15,0, -2,0, 2,0) WALL
(-10,0, -2,0, 2,0) WALL
(-9,0, -2,0, 2,0) WALL
(-8,0, -2,0, 2,0) WALL
(-7,0, -2,0, 2,0) WALL
(-6,0, -2,0, 2,0) WALL
(7,0, -2,0, 2,0) WALL
(8,0, -2,0, 2,0) WALL
(9,0, -2,0, 2,0) WALL
(-6,0, -1,0, 2,0) WALL
(3,0, -1,0, 2,0) WALL
(4,0, -1,0, 2,0) WALL
(5,0, -1,0, 2,0) WALL
(6,0, -1,0, 2,0) WALL
(7,0, -1,0, 2,0) WALL
(8,0, -1,0, 2,0) WALL
(-6,0, 0,0, 2,0) WALL
(4,0, 0,0, 2,0) schody
(8,0, 0,0, 2,0) WALL
(-6,0, 1,0, 2,0) WALL
(0,0, 1,0, 2,0) WALL
(1,0, 1,0, 2,0) WALL
(2,0, 1,0, 2,0) WALL
(3,0, 1,0, 2,0) WALL
(4,0, 1,0, 2,0) WALL
(5,0, 1,0, 2,0) WALL
(6,0, 1,0, 2,0) WALL
(7,0, 1,0, 2,0) WALL
(8,0, 1,0, 2,0) WALL
(-6,0, 2,0, 2,0) WALL
(8,0, 2,0, 2,0) WALL
(-6,0, 3,0, 2,0) WALL
(8,0, 3,0, 2,0) WALL
(-6,0, 4,0, 2,0) WALL
(8,0, 4,0, 2,0) WALL
(-6,0, 5,0, 2,0) WALL
(8,0, 5,0, 2,0) WALL
(-6,0, 6,0, 2,0) WALL
(8,0, 6,0, 2,0) WALL
(-6,0, 7,0, 2,0) WALL
(2,0, 7,0, 2,0) ITEM_SilverCoin
(4,0, 7,0, 2,0) ITEM_HealthPotion
(8,0, 7,0, 2,0) WALL
(-15,0, 8,0, 2,0) WALL
(-6,0, 8,0, 2,0) WALL
(8,0, 8,0, 2,0) WALL
(-6,0, 9,0, 2,0) WALL
(7,0, 9,0, 2,0) ITEM_TEST
(8,0, 9,0, 2,0) WALL
(-6,0, 10,0, 2,0) WALL
(2,0, 10,0, 2,0) ITEM_HealthPotion
(7,0, 10,0, 2,0) WALL
(8,0, 10,0, 2,0) WALL
(-6,0, 11,0, 2,0) WALL
(-5,0, 11,0, 2,0) WALL
(-4,0, 11,0, 2,0) WALL
(-3,0, 11,0, 2,0) WALL
(-2,0, 11,0, 2,0) WALL
(-1,0, 11,0, 2,0) WALL
(0,0, 11,0, 2,0) WALL
(1,0, 11,0, 2,0) WALL
(2,0, 11,0, 2,0) WALL
(3,0, 11,0, 2,0) WALL
(4,0, 11,0, 2,0) WALL
(5,0, 11,0, 2,0) WALL
(6,0, 11,0, 2,0) WALL
(7,0, 11,0, 2,0) WALL
(8,0, 11,0, 2,0) WALL
(-14,0, 12,0, 2,0) ITEM_TEST
(-14,0, 15,0, 2,0) ITEM_TEST
(7,0, -2,0, 3,0) WALL
(3,0, -1,0, 3,0) WALL
(4,0, -1,0, 3,0) WALL
(5,0, -1,0, 3,0) WALL
(6,0, -1,0, 3,0) WALL
(7,0, -1,0, 3,0) WALL
(-18,0, -20,0, 4,0) WALL
(-17,0, -20,0, 4,0) WALL
(-16,0, -20,0, 4,0) WALL
(-15,0, -20,0, 4,0) WALL
(-14,0, -20,0, 4,0) WALL
(-13,0, -20,0, 4,0) WALL
(-12,0, -20,0, 4,0) WALL
(-11,0, -20,0, 4,0) WALL
(-10,0, -20,0, 4,0) WALL
(-9,0, -20,0, 4,0) WALL
(-8,0, -20,0, 4,0) WALL
(-7,0, -20,0, 4,0) WALL
(-6,0, -20,0, 4,0) WALL
(-5,0, -20,0, 4,0) WALL
(-4,0, -20,0, 4,0) WALL
(-3,0, -20,0, 4,0) WALL
(-2,0, -20,0, 4,0) WALL
(-1,0, -20,0, 4,0) WALL
(0,0, -20,0, 4,0) WALL
(1,0, -20,0, 4,0) WALL
(2,0, -20,0, 4,0) WALL
(3,0, -20,0, 4,0) WALL
(4,0, -20,0, 4,0) WALL
(5,0, -20,0, 4,0) WALL
(6,0, -20,0, 4,0) WALL
(7,0, -20,0, 4,0) WALL
(8,0, -20,0, 4,0) WALL
(-18,0, -19,0, 4,0) WALL
(8,0, -19,0, 4,0) WALL
(-18,0, -18,0, 4,0) WALL
(8,0, -18,0, 4,0) WALL
(-18,0, -17,0, 4,0) WALL
(8,0, -17,0, 4,0) WALL
(-18,0, -16,0, 4,0) WALL
(8,0, -16,0, 4,0) WALL
(-18,0, -15,0, 4,0) WALL
(8,0, -15,0, 4,0) WALL
(-18,0, -14,0, 4,0) WALL
(8,0, -14,0, 4,0) WALL
(-18,0, -13,0, 4,0) WALL
(8,0, -13,0, 4,0) WALL
(-18,0, -12,0, 4,0) WALL
(8,0, -12,0, 4,0) WALL
(-18,0, -11,0, 4,0) WALL
(8,0, -11,0, 4,0) WALL
(-18,0, -10,0, 4,0) WALL
(8,0, -10,0, 4,0) WALL
(-18,0, -9,0, 4,0) WALL
(8,0, -9,0, 4,0) WALL
(-18,0, -8,0, 4,0) WALL
(5,0, -8,0, 4,0) WALL
(6,0, -8,0, 4,0) WALL
(7,0, -8,0, 4,0) WALL
(8,0, -8,0, 4,0) WALL
(-18,0, -7,0, 4,0) WALL
(8,0, -7,0, 4,0) WALL
(-18,0, -6,0, 4,0) WALL
(8,0, -6,0, 4,0) WALL
(-18,0, -5,0, 4,0) WALL
(8,0, -5,0, 4,0) WALL
(-18,0, -4,0, 4,0) WALL
(8,0, -4,0, 4,0) WALL
(-18,0, -3,0, 4,0) WALL
(8,0, -3,0, 4,0) WALL
(9,0, -3,0, 4,0) WALL
(-18,0, -2,0, 4,0) WALL
(-17,0, -2,0, 4,0) WALL
(-16,0, -2,0, 4,0) WALL
(-15,0, -2,0, 4,0) WALL
(-10,0, -2,0, 4,0) WALL
(-9,0, -2,0, 4,0) WALL
(-8,0, -2,0, 4,0) WALL
(-7,0, -2,0, 4,0) WALL
(-6,0, -2,0, 4,0) WALL
(7,0, -2,0, 4,0) WALL
(8,0, -2,0, 4,0) WALL
(-6,0, -1,0, 4,0) WALL
(4,0, -1,0, 4,0) WALL
(5,0, -1,0, 4,0) WALL
(6,0, -1,0, 4,0) WALL
(7,0, -1,0, 4,0) WALL
(8,0, -1,0, 4,0) WALL
(-6,0, 0,0, 4,0) WALL
(5,0, 0,0, 4,0) schody
(8,0, 0,0, 4,0) WALL
(-6,0, 1,0, 4,0) WALL
(1,0, 1,0, 4,0) WALL
(2,0, 1,0, 4,0) WALL
(3,0, 1,0, 4,0) WALL
(4,0, 1,0, 4,0) WALL
(5,0, 1,0, 4,0) WALL
(6,0, 1,0, 4,0) WALL
(7,0, 1,0, 4,0) WALL
(8,0, 1,0, 4,0) WALL
(-6,0, 2,0, 4,0) WALL
(8,0, 2,0, 4,0) WALL
(-6,0, 3,0, 4,0) WALL
(8,0, 3,0, 4,0) WALL
(-6,0, 4,0, 4,0) WALL
(8,0, 4,0, 4,0) WALL
(-6,0, 5,0, 4,0) WALL
(8,0, 5,0, 4,0) WALL
(-6,0, 6,0, 4,0) WALL
(8,0, 6,0, 4,0) WALL
(-6,0, 7,0, 4,0) WALL
(8,0, 7,0, 4,0) WALL
(-15,0, 8,0, 4,0) WALL
(-6,0, 8,0, 4,0) WALL
(8,0, 8,0, 4,0) WALL
(-6,0, 9,0, 4,0) WALL
(8,0, 9,0, 4,0) WALL
(-6,0, 10,0, 4,0) WALL
(7,0, 10,0, 4,0) WALL
(8,0, 10,0, 4,0) WALL
(-6,0, 11,0, 4,0) WALL
(-5,0, 11,0, 4,0) WALL
(-4,0, 11,0, 4,0) WALL
(-3,0, 11,0, 4,0) WALL
(-2,0, 11,0, 4,0) WALL
(-1,0, 11,0, 4,0) WALL
(0,0, 11,0, 4,0) WALL
(1,0, 11,0, 4,0) WALL
(2,0, 11,0, 4,0) WALL
(3,0, 11,0, 4,0) WALL
(4,0, 11,0, 4,0) WALL
(5,0, 11,0, 4,0) WALL
(6,0, 11,0, 4,0) WALL
(7,0, 11,0, 4,0) WALL
(8,0, 11,0, 4,0) WALL
(7,0, -2,0, 5,0) WALL
(4,0, -1,0, 5,0) WALL
(5,0, -1,0, 5,0) WALL
(6,0, -1,0, 5,0) WALL
(7,0, -1,0, 5,0) WALL
(-18,0, -20,0, 6,0) WALL
(-17,0, -20,0, 6,0) WALL
(-16,0, -20,0, 6,0) WALL
(-15,0, -20,0, 6,0) WALL
(-14,0, -20,0, 6,0) WALL
(-13,0, -20,0, 6,0) WALL
(-12,0, -20,0, 6,0) WALL
(-11,0, -20,0, 6,0) WALL
(-10,0, -20,0, 6,0) WALL
(-9,0, -20,0, 6,0) WALL
(-8,0, -20,0, 6,0) WALL
(-7,0, -20,0, 6,0) WALL
(-6,0, -20,0, 6,0) WALL
(-5,0, -20,0, 6,0) WALL
(-4,0, -20,0, 6,0) WALL
(-3,0, -20,0, 6,0) WALL
(-2,0, -20,0, 6,0) WALL
(-1,0, -20,0, 6,0) WALL
(0,0, -20,0, 6,0) WALL
(1,0, -20,0, 6,0) WALL
(2,0, -20,0, 6,0) WALL
(3,0, -20,0, 6,0) WALL
(4,0, -20,0, 6,0) WALL
(5,0, -20,0, 6,0) WALL
(6,0, -20,0, 6,0) WALL
(7,0, -20,0, 6,0) WALL
(8,0, -20,0, 6,0) WALL
(-18,0, -19,0, 6,0) WALL
(8,0, -19,0, 6,0) WALL
(-18,0, -18,0, 6,0) WALL
(8,0, -18,0, 6,0) WALL
(-18,0, -17,0, 6,0) WALL
(8,0, -17,0, 6,0) WALL
(-18,0, -16,0, 6,0) WALL
(8,0, -16,0, 6,0) WALL
(-18,0, -15,0, 6,0) WALL
(8,0, -15,0, 6,0) WALL
(-18,0, -14,0, 6,0) WALL
(8,0, -14,0, 6,0) WALL
(-18,0, -13,0, 6,0) WALL
(8,0, -13,0, 6,0) WALL
(-18,0, -12,0, 6,0) WALL
(8,0, -12,0, 6,0) WALL
(-18,0, -11,0, 6,0) WALL
(8,0, -11,0, 6,0) WALL
(-18,0, -10,0, 6,0) WALL
(8,0, -10,0, 6,0) WALL
(-18,0, -9,0, 6,0) WALL
(8,0, -9,0, 6,0) WALL
(-18,0, -8,0, 6,0) WALL
(6,0, -8,0, 6,0) WALL
(7,0, -8,0, 6,0) WALL
(8,0, -8,0, 6,0) WALL
(-18,0, -7,0, 6,0) WALL
(8,0, -7,0, 6,0) WALL
(-18,0, -6,0, 6,0) WALL
(8,0, -6,0, 6,0) WALL
(-18,0, -5,0, 6,0) WALL
(8,0, -5,0, 6,0) WALL
(-18,0, -4,0, 6,0) WALL
(8,0, -4,0, 6,0) WALL
(-18,0, -3,0, 6,0) WALL
(8,0, -3,0, 6,0) WALL
(-18,0, -2,0, 6,0) WALL
(-17,0, -2,0, 6,0) WALL
(-16,0, -2,0, 6,0) WALL
(-15,0, -2,0, 6,0) WALL
(-10,0, -2,0, 6,0) WALL
(-9,0, -2,0, 6,0) WALL
(-8,0, -2,0, 6,0) WALL
(-7,0, -2,0, 6,0) WALL
(-6,0, -2,0, 6,0) WALL
(7,0, -2,0, 6,0) WALL
(8,0, -2,0, 6,0) WALL
(-6,0, -1,0, 6,0) WALL
(5,0, -1,0, 6,0) WALL
(6,0, -1,0, 6,0) WALL
(7,0, -1,0, 6,0) WALL
(8,0, -1,0, 6,0) WALL
(-6,0, 0,0, 6,0) WALL
(6,0, 0,0, 6,0) schody
(8,0, 0,0, 6,0) WALL
(-6,0, 1,0, 6,0) WALL
(2,0, 1,0, 6,0) WALL
(3,0, 1,0, 6,0) WALL
(4,0, 1,0, 6,0) WALL
(5,0, 1,0, 6,0) WALL
(6,0, 1,0, 6,0) WALL
(7,0, 1,0, 6,0) WALL
(8,0, 1,0, 6,0) WALL
(-6,0, 2,0, 6,0) WALL
(8,0, 2,0, 6,0) WALL
(-6,0, 3,0, 6,0) WALL
(8,0, 3,0, 6,0) WALL
(-6,0, 4,0, 6,0) WALL
(8,0, 4,0, 6,0) WALL
(-6,0, 5,0, 6,0) WALL
(8,0, 5,0, 6,0) WALL
(-6,0, 6,0, 6,0) WALL
(8,0, 6,0, 6,0) WALL
(-6,0, 7,0, 6,0) WALL
(8,0, 7,0, 6,0) WALL
(-6,0, 8,0, 6,0) WALL
(8,0, 8,0, 6,0) WALL
(-6,0, 9,0, 6,0) WALL
(8,0, 9,0, 6,0) WALL
(-6,0, 10,0, 6,0) WALL
(7,0, 10,0, 6,0) WALL
(8,0, 10,0, 6,0) WALL
(-6,0, 11,0, 6,0) WALL
(-5,0, 11,0, 6,0) WALL
(-4,0, 11,0, 6,0) WALL
(-3,0, 11,0, 6,0) WALL
(-2,0, 11,0, 6,0) WALL
(-1,0, 11,0, 6,0) WALL
(0,0, 11,0, 6,0) WALL
(1,0, 11,0, 6,0) WALL
(2,0, 11,0, 6,0) WALL
(3,0, 11,0, 6,0) WALL
(4,0, 11,0, 6,0) WALL
(5,0, 11,0, 6,0) WALL
(6,0, 11,0, 6,0) WALL
(7,0, 11,0, 6,0) WALL
(8,0, 11,0, 6,0) WALL
(7,0, -2,0, 7,0) WALL
(5,0, -1,0, 7,0) WALL
(6,0, -1,0, 7,0) WALL
(7,0, -1,0, 7,0) WALL
(-18,0, -20,0, 8,0) WALL
(-17,0, -20,0, 8,0) WALL
(-16,0, -20,0, 8,0) WALL
(-15,0, -20,0, 8,0) WALL
(-14,0, -20,0, 8,0) WALL
(-13,0, -20,0, 8,0) WALL
(-12,0, -20,0, 8,0) WALL
(-11,0, -20,0, 8,0) WALL
(-10,0, -20,0, 8,0) WALL
(-9,0, -20,0, 8,0) WALL
(-8,0, -20,0, 8,0) WALL
(-7,0, -20,0, 8,0) WALL
(-6,0, -20,0, 8,0) WALL
(-5,0, -20,0, 8,0) WALL
(-4,0, -20,0, 8,0) WALL
(-3,0, -20,0, 8,0) WALL
(-2,0, -20,0, 8,0) WALL
(-1,0, -20,0, 8,0) WALL
(0,0, -20,0, 8,0) WALL
(1,0, -20,0, 8,0) WALL
(2,0, -20,0, 8,0) WALL
(3,0, -20,0, 8,0) WALL
(4,0, -20,0, 8,0) WALL
(5,0, -20,0, 8,0) WALL
(6,0, -20,0, 8,0) WALL
(7,0, -20,0, 8,0) WALL
(8,0, -20,0, 8,0) WALL
(-18,0, -19,0, 8,0) WALL
(8,0, -19,0, 8,0) WALL
(-18,0, -18,0, 8,0) WALL
(8,0, -18,0, 8,0) WALL
(-18,0, -17,0, 8,0) WALL
(8,0, -17,0, 8,0) WALL
(-18,0, -16,0, 8,0) WALL
(8,0, -16,0, 8,0) WALL
(-18,0, -15,0, 8,0) WALL
(8,0, -15,0, 8,0) WALL
(-18,0, -14,0, 8,0) WALL
(8,0, -14,0, 8,0) WALL
(-18,0, -13,0, 8,0) WALL
(8,0, -13,0, 8,0) WALL
(-18,0, -12,0, 8,0) WALL
(8,0, -12,0, 8,0) WALL
(-18,0, -11,0, 8,0) WALL
(8,0, -11,0, 8,0) WALL
(-18,0, -10,0, 8,0) WALL
(8,0, -10,0, 8,0) WALL
(-18,0, -9,0, 8,0) WALL
(8,0, -9,0, 8,0) WALL
(-18,0, -8,0, 8,0) WALL
(7,0, -8,0, 8,0) WALL
(8,0, -8,0, 8,0) WALL
(-18,0, -7,0, 8,0) WALL
(8,0, -7,0, 8,0) WALL
(-18,0, -6,0, 8,0) WALL
(8,0, -6,0, 8,0) WALL
(-18,0, -5,0, 8,0) WALL
(8,0, -5,0, 8,0) WALL
(-18,0, -4,0, 8,0) WALL
(8,0, -4,0, 8,0) WALL
(-18,0, -3,0, 8,0) WALL
(8,0, -3,0, 8,0) WALL
(-18,0, -2,0, 8,0) WALL
(-17,0, -2,0, 8,0) WALL
(-16,0, -2,0, 8,0) WALL
(-15,0, -2,0, 8,0) WALL
(-10,0, -2,0, 8,0) WALL
(-9,0, -2,0, 8,0) WALL
(-8,0, -2,0, 8,0) WALL
(-7,0, -2,0, 8,0) WALL
(-6,0, -2,0, 8,0) WALL
(7,0, -2,0, 8,0) WALL
(8,0, -2,0, 8,0) WALL
(-6,0, -1,0, 8,0) WALL
(6,0, -1,0, 8,0) WALL
(7,0, -1,0, 8,0) WALL
(8,0, -1,0, 8,0) WALL
(-6,0, 0,0, 8,0) WALL
(7,0, 0,0, 8,0) schody
(8,0, 0,0, 8,0) WALL
(-6,0, 1,0, 8,0) WALL
(3,0, 1,0, 8,0) WALL
(4,0, 1,0, 8,0) WALL
(5,0, 1,0, 8,0) WALL
(6,0, 1,0, 8,0) WALL
(7,0, 1,0, 8,0) WALL
(8,0, 1,0, 8,0) WALL
(-6,0, 2,0, 8,0) WALL
(8,0, 2,0, 8,0) WALL
(-6,0, 3,0, 8,0) WALL
(8,0, 3,0, 8,0) WALL
(-6,0, 4,0, 8,0) WALL
(8,0, 4,0, 8,0) WALL
(-6,0, 5,0, 8,0) WALL
(8,0, 5,0, 8,0) WALL
(-6,0, 6,0, 8,0) WALL
(8,0, 6,0, 8,0) WALL
(-6,0, 7,0, 8,0) WALL
(8,0, 7,0, 8,0) WALL
(-6,0, 8,0, 8,0) WALL
(8,0, 8,0, 8,0) WALL
(-6,0, 9,0, 8,0) WALL
(8,0, 9,0, 8,0) WALL
(-6,0, 10,0, 8,0) WALL
(7,0, 10,0, 8,0) WALL
(8,0, 10,0, 8,0) WALL
(-6,0, 11,0, 8,0) WALL
(-5,0, 11,0, 8,0) WALL
(-4,0, 11,0, 8,0) WALL
(-3,0, 11,0, 8,0) WALL
(-2,0, 11,0, 8,0) WALL
(-1,0, 11,0, 8,0) WALL
(0,0, 11,0, 8,0) WALL
(1,0, 11,0, 8,0) WALL
(2,0, 11,0, 8,0) WALL
(3,0, 11,0, 8,0) WALL
(4,0, 11,0, 8,0) WALL
(5,0, 11,0, 8,0) WALL
(6,0, 11,0, 8,0) WALL
(7,0, 11,0, 8,0) WALL
(8,0, 11,0, 8,0) WALL
(7,0, -2,0, 9,0) WALL
(6,0, -1,0, 9,0) WALL
(7,0, -1,0, 9,0) WALL
(-18,0, -20,0, 10,0) WALL
(-17,0, -20,0, 10,0) WALL
(-16,0, -20,0, 10,0) WALL
(-15,0, -20,0, 10,0) WALL
(-14,0, -20,0, 10,0) WALL
(-13,0, -20,0, 10,0) WALL
(-12,0, -20,0, 10,0) WALL
(-11,0, -20,0, 10,0) WALL
(-10,0, -20,0, 10,0) WALL
(-9,0, -20,0, 10,0) WALL
(-8,0, -20,0, 10,0) WALL
(-7,0, -20,0, 10,0) WALL
(-6,0, -20,0, 10,0) WALL
(-5,0, -20,0, 10,0) WALL
(-4,0, -20,0, 10,0) WALL
(-3,0, -20,0, 10,0) WALL
(-2,0, -20,0, 10,0) WALL
(-1,0, -20,0, 10,0) WALL
(0,0, -20,0, 10,0) WALL
(1,0, -20,0, 10,0) WALL
(2,0, -20,0, 10,0) WALL
(3,0, -20,0, 10,0) WALL
(4,0, -20,0, 10,0) WALL
(5,0, -20,0, 10,0) WALL
(6,0, -20,0, 10,0) WALL
(7,0, -20,0, 10,0) WALL
(8,0, -20,0, 10,0) WALL
(-18,0, -19,0, 10,0) WALL
(8,0, -19,0, 10,0) WALL
(-18,0, -18,0, 10,0) WALL
(8,0, -18,0, 10,0) WALL
(-18,0, -17,0, 10,0) WALL
(8,0, -17,0, 10,0) WALL
(-18,0, -16,0, 10,0) WALL
(8,0, -16,0, 10,0) WALL
(-18,0, -15,0, 10,0) WALL
(8,0, -15,0, 10,0) WALL
(-18,0, -14,0, 10,0) WALL
(8,0, -14,0, 10,0) WALL
(-18,0, -13,0, 10,0) WALL
(8,0, -13,0, 10,0) WALL
(-18,0, -12,0, 10,0) WALL
(8,0, -12,0, 10,0) WALL
(-18,0, -11,0, 10,0) WALL
(8,0, -11,0, 10,0) WALL
(-18,0, -10,0, 10,0) WALL
(8,0, -10,0, 10,0) WALL
(-18,0, -9,0, 10,0) WALL
(8,0, -9,0, 10,0) WALL
(-18,0, -8,0, 10,0) WALL
(8,0, -8,0, 10,0) WALL
(-18,0, -7,0, 10,0) WALL
(8,0, -7,0, 10,0) WALL
(-18,0, -6,0, 10,0) WALL
(8,0, -6,0, 10,0) WALL
(-18,0, -5,0, 10,0) WALL
(8,0, -5,0, 10,0) WALL
(-18,0, -4,0, 10,0) WALL
(8,0, -4,0, 10,0) WALL
(-18,0, -3,0, 10,0) WALL
(8,0, -3,0, 10,0) WALL
(-18,0, -2,0, 10,0) WALL
(-17,0, -2,0, 10,0) WALL
(-16,0, -2,0, 10,0) WALL
(-15,0, -2,0, 10,0) WALL
(-14,0, -2,0, 10,0) WALL
(-13,0, -2,0, 10,0) WALL
(-12,0, -2,0, 10,0) WALL
(-11,0, -2,0, 10,0) WALL
(-10,0, -2,0, 10,0) WALL
(-9,0, -2,0, 10,0) WALL
(-8,0, -2,0, 10,0) WALL
(-7,0, -2,0, 10,0) WALL
(-6,0, -2,0, 10,0) WALL
(7,0, -2,0, 10,0) WALL
(8,0, -2,0, 10,0) WALL
(-6,0, -1,0, 10,0) WALL
(7,0, -1,0, 10,0) schody
(8,0, -1,0, 10,0) WALL
(-6,0, 0,0, 10,0) WALL
(8,0, 0,0, 10,0) WALL
(-6,0, 1,0, 10,0) WALL
(4,0, 1,0, 10,0) WALL
(5,0, 1,0, 10,0) WALL
(6,0, 1,0, 10,0) WALL
(7,0, 1,0, 10,0) WALL
(8,0, 1,0, 10,0) WALL
(-6,0, 2,0, 10,0) WALL
(8,0, 2,0, 10,0) WALL
(-6,0, 3,0, 10,0) WALL
(8,0, 3,0, 10,0) WALL
(-6,0, 4,0, 10,0) WALL
(8,0, 4,0, 10,0) WALL
(-6,0, 5,0, 10,0) WALL
(8,0, 5,0, 10,0) WALL
(-6,0, 6,0, 10,0) WALL
(8,0, 6,0, 10,0) WALL
(-6,0, 7,0, 10,0) WALL
(8,0, 7,0, 10,0) WALL
(-6,0, 8,0, 10,0) WALL
(8,0, 8,0, 10,0) WALL
(-6,0, 9,0, 10,0) WALL
(8,0, 9,0, 10,0) WALL
(-6,0, 10,0, 10,0) WALL
(7,0, 10,0, 10,0) WALL
(8,0, 10,0, 10,0) WALL
(-6,0, 11,0, 10,0) WALL
(-5,0, 11,0, 10,0) WALL
(-4,0, 11,0, 10,0) WALL
(-3,0, 11,0, 10,0) WALL
(-2,0, 11,0, 10,0) WALL
(-1,0, 11,0, 10,0) WALL
(0,0, 11,0, 10,0) WALL
(1,0, 11,0, 10,0) WALL
(2,0, 11,0, 10,0) WALL
(3,0, 11,0, 10,0) WALL
(4,0, 11,0, 10,0) WALL
(5,0, 11,0, 10,0) WALL
(6,0, 11,0, 10,0) WALL
(7,0, 11,0, 10,0) WALL
(8,0, 11,0, 10,0) WALL
(7,0, -2,0, 11,0) WALL
(-18,0, -20,0, 12,0) WALL
(-17,0, -20,0, 12,0) WALL
(-16,0, -20,0, 12,0) WALL
(-15,0, -20,0, 12,0) WALL
(-14,0, -20,0, 12,0) WALL
(-13,0, -20,0, 12,0) WALL
(-12,0, -20,0, 12,0) WALL
(-11,0, -20,0, 12,0) WALL
(-10,0, -20,0, 12,0) WALL
(-9,0, -20,0, 12,0) WALL
(-8,0, -20,0, 12,0) WALL
(-7,0, -20,0, 12,0) WALL
(-6,0, -20,0, 12,0) WALL
(-5,0, -20,0, 12,0) WALL
(-4,0, -20,0, 12,0) WALL
(-3,0, -20,0, 12,0) WALL
(-2,0, -20,0, 12,0) WALL
(-1,0, -20,0, 12,0) WALL
(0,0, -20,0, 12,0) WALL
(1,0, -20,0, 12,0) WALL
(2,0, -20,0, 12,0) WALL
(3,0, -20,0, 12,0) WALL
(4,0, -20,0, 12,0) WALL
(5,0, -20,0, 12,0) WALL
(6,0, -20,0, 12,0) WALL
(7,0, -20,0, 12,0) WALL
(8,0, -20,0, 12,0) WALL
(-18,0, -19,0, 12,0) WALL
(8,0, -19,0, 12,0) WALL
(-18,0, -18,0, 12,0) WALL
(8,0, -18,0, 12,0) WALL
(-18,0, -17,0, 12,0) WALL
(8,0, -17,0, 12,0) WALL
(-18,0, -16,0, 12,0) WALL
(8,0, -16,0, 12,0) WALL
(-18,0, -15,0, 12,0) WALL
(8,0, -15,0, 12,0) WALL
(-18,0, -14,0, 12,0) WALL
(8,0, -14,0, 12,0) WALL
(-18,0, -13,0, 12,0) WALL
(8,0, -13,0, 12,0) WALL
(-18,0, -12,0, 12,0) WALL
(8,0, -12,0, 12,0) WALL
(-18,0, -11,0, 12,0) WALL
(8,0, -11,0, 12,0) WALL
(-18,0, -10,0, 12,0) WALL
(8,0, -10,0, 12,0) WALL
(-18,0, -9,0, 12,0) WALL
(8,0, -9,0, 12,0) WALL
(-18,0, -8,0, 12,0) WALL
(8,0, -8,0, 12,0) WALL
(-18,0, -7,0, 12,0) WALL
(8,0, -7,0, 12,0) WALL
(-18,0, -6,0, 12,0) WALL
(8,0, -6,0, 12,0) WALL
(-18,0, -5,0, 12,0) WALL
(8,0, -5,0, 12,0) WALL
(-18,0, -4,0, 12,0) WALL
(8,0, -4,0, 12,0) WALL
(-18,0, -3,0, 12,0) WALL
(8,0, -3,0, 12,0) WALL
(-18,0, -2,0, 12,0) WALL
(-17,0, -2,0, 12,0) WALL
(-16,0, -2,0, 12,0) WALL
(-15,0, -2,0, 12,0) WALL
(-14,0, -2,0, 12,0) WALL
(-13,0, -2,0, 12,0) WALL
(-12,0, -2,0, 12,0) WALL
(-11,0, -2,0, 12,0) WALL
(-10,0, -2,0, 12,0) WALL
(-9,0, -2,0, 12,0) WALL
(-8,0, -2,0, 12,0) WALL
(-7,0, -2,0, 12,0) WALL
(-6,0, -2,0, 12,0) WALL
(7,0, -2,0, 12,0) schody
(8,0, -2,0, 12,0) WALL
(-6,0, -1,0, 12,0) WALL
(8,0, -1,0, 12,0) WALL
(-6,0, 0,0, 12,0) WALL
(8,0, 0,0, 12,0) WALL
(-6,0, 1,0, 12,0) WALL
(5,0, 1,0, 12,0) WALL
(6,0, 1,0, 12,0) WALL
(7,0, 1,0, 12,0) WALL
(8,0, 1,0, 12,0) WALL
(-6,0, 2,0, 12,0) WALL
(8,0, 2,0, 12,0) WALL
(-6,0, 3,0, 12,0) WALL
(8,0, 3,0, 12,0) WALL
(-6,0, 4,0, 12,0) WALL
(8,0, 4,0, 12,0) WALL
(-6,0, 5,0, 12,0) WALL
(8,0, 5,0, 12,0) WALL
(-6,0, 6,0, 12,0) WALL
(8,0, 6,0, 12,0) WALL
(-6,0, 7,0, 12,0) WALL
(8,0, 7,0, 12,0) WALL
(-6,0, 8,0, 12,0) WALL
(8,0, 8,0, 12,0) WALL
(-6,0, 9,0, 12,0) WALL
(8,0, 9,0, 12,0) WALL
(-6,0, 10,0, 12,0) WALL
(7,0, 10,0, 12,0) WALL
(8,0, 10,0, 12,0) WALL
(-6,0, 11,0, 12,0) WALL
(-5,0, 11,0, 12,0) WALL
(-4,0, 11,0, 12,0) WALL
(-3,0, 11,0, 12,0) WALL
(-2,0, 11,0, 12,0) WALL
(-1,0, 11,0, 12,0) WALL
(0,0, 11,0, 12,0) WALL
(1,0, 11,0, 12,0) WALL
(2,0, 11,0, 12,0) WALL
(3,0, 11,0, 12,0) WALL
(4,0, 11,0, 12,0) WALL
(5,0, 11,0, 12,0) WALL
(6,0, 11,0, 12,0) WALL
(7,0, 11,0, 12,0) WALL
(8,0, 11,0, 12,0) WALL
(7,0, -3,0, 14,0) ITEM_TEST
