(-4,0, -4,0, 0,0) WALL
(-3,0, -4,0, 0,0) WALL
(-17,0, -4,0, 2,0) WALL
(-16,0, -4,0, 2,0) WALL
(-15,0, -4,0, 2,0) WALL
(-14,0, -4,0, 2,0) WALL
(-13,0, -4,0, 2,0) WALL
(-12,0, -4,0, 2,0) WALL
(-7,0, -4,0, 2,0) WALL
(-6,0, -4,0, 2,0) WALL
(-5,0, -4,0, 2,0) WALL
(-4,0, -4,0, 2,0) WALL
(-3,0, -4,0, 2,0) WALL
(-2,0, -4,0, 2,0) WALL
(-1,0, -4,0, 2,0) WALL
(0,0, -4,0, 2,0) WALL
(1,0, -4,0, 2,0) WALL
(2,0, -4,0, 2,0) WALL
(3,0, -4,0, 2,0) WALL
(-17,0, -3,0, 2,0) WALL
(-12,0, -3,0, 2,0) WALL
(-11,0, -3,0, 2,0) WALL
(-10,0, -3,0, 2,0) WALL
(-9,0, -3,0, 2,0) WALL
(-8,0, -3,0, 2,0) WALL
(-7,0, -3,0, 2,0) WALL
(3,0, -3,0, 2,0) WALL
(-17,0, -2,0, 2,0) WALL
(3,0, -2,0, 2,0) WALL
(-17,0, -1,0, 2,0) WALL
(3,0, -1,0, 2,0) WALL
(-17,0, 0,0, 2,0) WALL
(-12,0, 0,0, 2,0) WALL
(-11,0, 0,0, 2,0) WALL
(-10,0, 0,0, 2,0) WALL
(-9,0, 0,0, 2,0) WALL
(-8,0, 0,0, 2,0) WALL
(-7,0, 0,0, 2,0) WALL
(3,0, 0,0, 2,0) WALL
(-17,0, 1,0, 2,0) WALL
(-16,0, 1,0, 2,0) WALL
(-15,0, 1,0, 2,0) WALL
(-14,0, 1,0, 2,0) WALL
(-13,0, 1,0, 2,0) WALL
(-12,0, 1,0, 2,0) WALL
(-7,0, 1,0, 2,0) WALL
(3,0, 1,0, 2,0) test_NPC
(-7,0, 2,0, 2,0) WALL
(3,0, 2,0, 2,0) test_NPC
(-7,0, 3,0, 2,0) WALL
(3,0, 3,0, 2,0) WALL
(-7,0, 4,0, 2,0) WALL
(3,0, 4,0, 2,0) WALL
(-7,0, 5,0, 2,0) WALL
(3,0, 5,0, 2,0) WALL
(-7,0, 6,0, 2,0) WALL
(-6,0, 6,0, 2,0) WALL
(-5,0, 6,0, 2,0) WALL
(-4,0, 6,0, 2,0) WALL
(-3,0, 6,0, 2,0) WALL
(-2,0, 6,0, 2,0) WALL
(-1,0, 6,0, 2,0) WALL
(0,0, 6,0, 2,0) WALL
(1,0, 6,0, 2,0) WALL
(2,0, 6,0, 2,0) WALL
(3,0, 6,0, 2,0) WALL
(3,0, -3,0, 4,0) WALL
(3,0, -2,0, 4,0) WALL
(3,0, -1,0, 4,0) WALL
(3,0, 0,0, 4,0) WALL
(3,0, 1,0, 4,0) test_NPC
(3,0, 2,0, 4,0) test_NPC
(3,0, 3,0, 4,0) WALL
(3,0, 4,0, 4,0) WALL
(-2,0, 5,0, 4,0) schody
(3,0, 5,0, 4,0) WALL
(-6,0, 6,0, 4,0) WALL
(-5,0, 6,0, 4,0) WALL
(-4,0, 6,0, 4,0) WALL
(-3,0, 6,0, 4,0) WALL
(-2,0, 6,0, 4,0) WALL
(-1,0, 6,0, 4,0) WALL
(0,0, 6,0, 4,0) WALL
(1,0, 6,0, 4,0) WALL
(2,0, 6,0, 4,0) WALL
(3,0, 6,0, 4,0) WALL
(3,0, -3,0, 6,0) WALL
(3,0, -2,0, 6,0) WALL
(3,0, -1,0, 6,0) WALL
(3,0, 0,0, 6,0) WALL
(3,0, 1,0, 6,0) test_NPC
(3,0, 2,0, 6,0) test_NPC
(3,0, 3,0, 6,0) WALL
(3,0, 4,0, 6,0) WALL
(-3,0, 5,0, 6,0) schody
(3,0, 5,0, 6,0) WALL
(-6,0, 6,0, 6,0) WALL
(-5,0, 6,0, 6,0) WALL
(-4,0, 6,0, 6,0) WALL
(-3,0, 6,0, 6,0) WALL
(-2,0, 6,0, 6,0) WALL
(-1,0, 6,0, 6,0) WALL
(0,0, 6,0, 6,0) WALL
(1,0, 6,0, 6,0) WALL
(2,0, 6,0, 6,0) WALL
(3,0, 6,0, 6,0) WALL
(3,0, -3,0, 8,0) WALL
(3,0, -2,0, 8,0) WALL
(3,0, -1,0, 8,0) WALL
(3,0, 0,0, 8,0) WALL
(3,0, 1,0, 8,0) test_NPC
(3,0, 2,0, 8,0) WALL
(3,0, 3,0, 8,0) test_NPC
(-6,0, 4,0, 8,0) schody
(-5,0, 4,0, 8,0) schody
(3,0, 4,0, 8,0) WALL
(3,0, 5,0, 8,0) test_NPC
(-6,0, 6,0, 8,0) WALL
(-5,0, 6,0, 8,0) test_NPC
(-4,0, 6,0, 8,0) WALL
(-3,0, 6,0, 8,0) test_NPC
(-2,0, 6,0, 8,0) WALL
(-1,0, 6,0, 8,0) test_NPC
(0,0, 6,0, 8,0) WALL
(1,0, 6,0, 8,0) test_NPC
(2,0, 6,0, 8,0) WALL
(3,0, 6,0, 8,0) WALL
(3,0, -3,0, 10,0) WALL
(3,0, -2,0, 10,0) WALL
(3,0, -1,0, 10,0) WALL
(3,0, 0,0, 10,0) WALL
(3,0, 1,0, 10,0) WALL
(3,0, 2,0, 10,0) WALL
(3,0, 3,0, 10,0) WALL
(3,0, 4,0, 10,0) WALL
(3,0, 5,0, 10,0) WALL
(-6,0, 6,0, 10,0) WALL
(-5,0, 6,0, 10,0) WALL
(-4,0, 6,0, 10,0) WALL
(-3,0, 6,0, 10,0) WALL
(-2,0, 6,0, 10,0) WALL
(-1,0, 6,0, 10,0) WALL
(0,0, 6,0, 10,0) WALL
(1,0, 6,0, 10,0) WALL
(2,0, 6,0, 10,0) WALL
(3,0, 6,0, 10,0) WALL
(3,0, -3,0, 12,0) WALL
(3,0, -2,0, 12,0) WALL
(3,0, -1,0, 12,0) WALL
(3,0, 0,0, 12,0) WALL
(3,0, 1,0, 12,0) WALL
(3,0, 2,0, 12,0) WALL
(3,0, 3,0, 12,0) WALL
(3,0, 4,0, 12,0) WALL
(3,0, 5,0, 12,0) WALL
(-6,0, 6,0, 12,0) WALL
(-5,0, 6,0, 12,0) WALL
(-4,0, 6,0, 12,0) WALL
(-3,0, 6,0, 12,0) WALL
(-2,0, 6,0, 12,0) WALL
(-1,0, 6,0, 12,0) WALL
(0,0, 6,0, 12,0) WALL
(1,0, 6,0, 12,0) WALL
(2,0, 6,0, 12,0) WALL
(3,0, 6,0, 12,0) WALL
